111111111111111111111111111111111111111111111111111111111111
100000000000000000000000000001111111010001000000000000000001
100000000000000000000000000011110001000001000000000000000001
100000000000000001000000001111100000000011000000000000000001
100000000000000111111000001111000111111111100000000000000001
100000000000001100000000000110000100001011100000000000000001
100000000000001000111111111111110000001001100000000000000001
100000000000001000100000000000010000001000110000000000000001
100000000000001100100000000000010000001000111111111000000001
100001111111110110100000000000010000001000010000001000000001
100001000000110010100000000000010000001000010000001000000001
100001000100110010100000000000010000011000010000001000000001
100001000100110010100001111000010000010000010000001000000001
100001000100110000100001001000010000010000010000001000000001
100001000100110000100001001000010000010000010000001000000001
100001000100110010100000000000010000000000011111001000000001
100001000100110011100000000000010000000000000000000000000001
100001000111110001111110000111110000000000000000000000000001
100001000100000001000010000100000000000111110000000000000001
100000000100000001000010000100000000000111110000000000000001
100000000111111111000011001100000000000111110000000000000001
100000000000000000000000000000000000000111110000000000000001
100000000000000000000000000000000000000111110000000000000001
100000000000000000000000000000000000000000000000000000000001
100000000000000000111100000000000000000000000000000000000001
100000000000000000100000000000000000001111111111100000000001
100000000000000000100000000000000000001111111111100000000001
100000000000000000100000000000000000000000000000000000000001
100000000000000000100000000000000000000000000000000000000001
100000000000000000100000000000000000000000000000000000000001
100000000000000000100000000000000000000000000000000000000001
100000000101010100100000000000000000000000000000000000000001
100000000000000000100000000000000000000000000000000000000001
111111111111111111111111111111111111111111111111111111111111
000000000000000000000000000000000000000000000000000000000000
000000000000000000000000000000000000000000000000000000000000
